2 3 5
2 3 7
2 3 11
2 3 13
2 3 17
2 3 19
2 3 23
2 3 25
2 3 29
2 3 31
2 3 35
2 3 37
2 3 41
2 3 43
2 3 47
2 3 49
2 5 7
2 5 9
2 5 11
2 5 13
2 5 17
2 5 19
2 5 21
2 5 23
2 5 27
2 5 29
2 5 31
2 5 33
2 5 37
2 5 39
2 5 41
2 5 43
2 5 47
2 5 49
2 7 9
2 7 11
2 7 13
2 7 15
2 7 17
2 7 19
2 7 23
2 7 25
2 7 27
2 7 29
2 7 31
2 7 33
2 7 37
2 7 39
2 7 41
2 7 43
2 7 45
2 7 47
2 9 11
2 9 13
2 9 17
2 9 19
2 9 23
2 9 25
2 9 29
2 9 31
2 9 35
2 9 37
2 9 41
2 9 43
2 9 47
2 9 49
2 11 13
2 11 15
2 11 17
2 11 19
2 11 21
2 11 23
2 11 25
2 11 27
2 11 29
2 11 31
2 11 35
2 11 37
2 11 39
2 11 41
2 11 43
2 11 45
2 11 47
2 11 49
2 13 15
2 13 17
2 13 19
2 13 21
2 13 23
2 13 25
2 13 27
2 13 29
2 13 31
2 13 33
2 13 35
2 13 37
2 13 41
2 13 43
2 13 45
2 13 47
2 13 49
2 15 17
2 15 19
2 15 23
2 15 29
2 15 31
2 15 37
2 15 41
2 15 43
2 15 47
2 15 49
2 17 19
2 17 21
2 17 23
2 17 25
2 17 27
2 17 29
2 17 31
2 17 33
2 17 35
2 17 37
2 17 39
2 17 41
2 17 43
2 17 45
2 17 47
2 17 49
2 19 21
2 19 23
2 19 25
2 19 27
2 19 29
2 19 31
2 19 33
2 19 35
2 19 37
2 19 39
2 19 41
2 19 43
2 19 45
2 19 47
2 19 49
2 21 23
2 21 25
2 21 29
2 21 31
2 21 37
2 21 41
2 21 43
2 21 47
2 23 25
2 23 27
2 23 29
2 23 31
2 23 33
2 23 35
2 23 37
2 23 39
2 23 41
2 23 43
2 23 45
2 23 47
2 23 49
2 25 27
2 25 29
2 25 31
2 25 33
2 25 37
2 25 39
2 25 41
2 25 43
2 25 47
2 25 49
2 27 29
2 27 31
2 27 35
2 27 37
2 27 41
2 27 43
2 27 47
2 27 49
2 29 31
2 29 33
2 29 35
2 29 37
2 29 39
2 29 41
2 29 43
2 29 45
2 29 47
2 29 49
2 31 33
2 31 35
2 31 37
2 31 39
2 31 41
2 31 43
2 31 45
2 31 47
2 31 49
2 33 35
2 33 37
2 33 41
2 33 43
2 33 47
2 33 49
2 35 37
2 35 39
2 35 41
2 35 43
2 35 47
2 37 39
2 37 41
2 37 43
2 37 45
2 37 47
2 37 49
2 39 41
2 39 43
2 39 47
2 39 49
2 41 43
2 41 45
2 41 47
2 41 49
2 43 45
2 43 47
2 43 49
2 45 47
2 45 49
2 47 49
3 4 5
3 4 7
3 4 11
3 4 13
3 4 17
3 4 19
3 4 23
3 4 25
3 4 29
3 4 31
3 4 35
3 4 37
3 4 41
3 4 43
3 4 47
3 4 49
3 5 7
3 5 8
3 5 11
3 5 13
3 5 14
3 5 16
3 5 17
3 5 19
3 5 22
3 5 23
3 5 26
3 5 28
3 5 29
3 5 31
3 5 32
3 5 34
3 5 37
3 5 38
3 5 41
3 5 43
3 5 44
3 5 46
3 5 47
3 5 49
3 7 8
3 7 10
3 7 11
3 7 13
3 7 16
3 7 17
3 7 19
3 7 20
3 7 22
3 7 23
3 7 25
3 7 26
3 7 29
3 7 31
3 7 32
3 7 34
3 7 37
3 7 38
3 7 40
3 7 41
3 7 43
3 7 44
3 7 46
3 7 47
3 8 11
3 8 13
3 8 17
3 8 19
3 8 23
3 8 25
3 8 29
3 8 31
3 8 35
3 8 37
3 8 41
3 8 43
3 8 47
3 8 49
3 10 11
3 10 13
3 10 17
3 10 19
3 10 23
3 10 29
3 10 31
3 10 37
3 10 41
3 10 43
3 10 47
3 10 49
3 11 13
3 11 14
3 11 16
3 11 17
3 11 19
3 11 20
3 11 23
3 11 25
3 11 26
3 11 28
3 11 29
3 11 31
3 11 32
3 11 34
3 11 35
3 11 37
3 11 38
3 11 40
3 11 41
3 11 43
3 11 46
3 11 47
3 11 49
3 13 14
3 13 16
3 13 17
3 13 19
3 13 20
3 13 22
3 13 23
3 13 25
3 13 28
3 13 29
3 13 31
3 13 32
3 13 34
3 13 35
3 13 37
3 13 38
3 13 40
3 13 41
3 13 43
3 13 44
3 13 46
3 13 47
3 13 49
3 14 17
3 14 19
3 14 23
3 14 25
3 14 29
3 14 31
3 14 37
3 14 41
3 14 43
3 14 47
3 16 17
3 16 19
3 16 23
3 16 25
3 16 29
3 16 31
3 16 35
3 16 37
3 16 41
3 16 43
3 16 47
3 16 49
3 17 19
3 17 20
3 17 22
3 17 23
3 17 25
3 17 26
3 17 28
3 17 29
3 17 31
3 17 32
3 17 35
3 17 37
3 17 38
3 17 40
3 17 41
3 17 43
3 17 44
3 17 46
3 17 47
3 17 49
3 19 20
3 19 22
3 19 23
3 19 25
3 19 26
3 19 28
3 19 29
3 19 31
3 19 32
3 19 34
3 19 35
3 19 37
3 19 40
3 19 41
3 19 43
3 19 44
3 19 46
3 19 47
3 19 49
3 20 23
3 20 29
3 20 31
3 20 37
3 20 41
3 20 43
3 20 47
3 20 49
3 22 23
3 22 25
3 22 29
3 22 31
3 22 35
3 22 37
3 22 41
3 22 43
3 22 47
3 22 49
3 23 25
3 23 26
3 23 28
3 23 29
3 23 31
3 23 32
3 23 34
3 23 35
3 23 37
3 23 38
3 23 40
3 23 41
3 23 43
3 23 44
3 23 47
3 23 49
3 25 26
3 25 28
3 25 29
3 25 31
3 25 32
3 25 34
3 25 37
3 25 38
3 25 41
3 25 43
3 25 44
3 25 46
3 25 47
3 25 49
3 26 29
3 26 31
3 26 35
3 26 37
3 26 41
3 26 43
3 26 47
3 26 49
3 28 29
3 28 31
3 28 37
3 28 41
3 28 43
3 28 47
3 29 31
3 29 32
3 29 34
3 29 35
3 29 37
3 29 38
3 29 40
3 29 41
3 29 43
3 29 44
3 29 46
3 29 47
3 29 49
3 31 32
3 31 34
3 31 35
3 31 37
3 31 38
3 31 40
3 31 41
3 31 43
3 31 44
3 31 46
3 31 47
3 31 49
3 32 35
3 32 37
3 32 41
3 32 43
3 32 47
3 32 49
3 34 35
3 34 37
3 34 41
3 34 43
3 34 47
3 34 49
3 35 37
3 35 38
3 35 41
3 35 43
3 35 44
3 35 46
3 35 47
3 37 38
3 37 40
3 37 41
3 37 43
3 37 44
3 37 46
3 37 47
3 37 49
3 38 41
3 38 43
3 38 47
3 38 49
3 40 41
3 40 43
3 40 47
3 40 49
3 41 43
3 41 44
3 41 46
3 41 47
3 41 49
3 43 44
3 43 46
3 43 47
3 43 49
3 44 47
3 44 49
3 46 47
3 46 49
3 47 49
4 5 7
4 5 9
4 5 11
4 5 13
4 5 17
4 5 19
4 5 21
4 5 23
4 5 27
4 5 29
4 5 31
4 5 33
4 5 37
4 5 39
4 5 41
4 5 43
4 5 47
4 5 49
4 7 9
4 7 11
4 7 13
4 7 15
4 7 17
4 7 19
4 7 23
4 7 25
4 7 27
4 7 29
4 7 31
4 7 33
4 7 37
4 7 39
4 7 41
4 7 43
4 7 45
4 7 47
4 9 11
4 9 13
4 9 17
4 9 19
4 9 23
4 9 25
4 9 29
4 9 31
4 9 35
4 9 37
4 9 41
4 9 43
4 9 47
4 9 49
4 11 13
4 11 15
4 11 17
4 11 19
4 11 21
4 11 23
4 11 25
4 11 27
4 11 29
4 11 31
4 11 35
4 11 37
4 11 39
4 11 41
4 11 43
4 11 45
4 11 47
4 11 49
4 13 15
4 13 17
4 13 19
4 13 21
4 13 23
4 13 25
4 13 27
4 13 29
4 13 31
4 13 33
4 13 35
4 13 37
4 13 41
4 13 43
4 13 45
4 13 47
4 13 49
4 15 17
4 15 19
4 15 23
4 15 29
4 15 31
4 15 37
4 15 41
4 15 43
4 15 47
4 15 49
4 17 19
4 17 21
4 17 23
4 17 25
4 17 27
4 17 29
4 17 31
4 17 33
4 17 35
4 17 37
4 17 39
4 17 41
4 17 43
4 17 45
4 17 47
4 17 49
4 19 21
4 19 23
4 19 25
4 19 27
4 19 29
4 19 31
4 19 33
4 19 35
4 19 37
4 19 39
4 19 41
4 19 43
4 19 45
4 19 47
4 19 49
4 21 23
4 21 25
4 21 29
4 21 31
4 21 37
4 21 41
4 21 43
4 21 47
4 23 25
4 23 27
4 23 29
4 23 31
4 23 33
4 23 35
4 23 37
4 23 39
4 23 41
4 23 43
4 23 45
4 23 47
4 23 49
4 25 27
4 25 29
4 25 31
4 25 33
4 25 37
4 25 39
4 25 41
4 25 43
4 25 47
4 25 49
4 27 29
4 27 31
4 27 35
4 27 37
4 27 41
4 27 43
4 27 47
4 27 49
4 29 31
4 29 33
4 29 35
4 29 37
4 29 39
4 29 41
4 29 43
4 29 45
4 29 47
4 29 49
4 31 33
4 31 35
4 31 37
4 31 39
4 31 41
4 31 43
4 31 45
4 31 47
4 31 49
4 33 35
4 33 37
4 33 41
4 33 43
4 33 47
4 33 49
4 35 37
4 35 39
4 35 41
4 35 43
4 35 47
4 37 39
4 37 41
4 37 43
4 37 45
4 37 47
4 37 49
4 39 41
4 39 43
4 39 47
4 39 49
4 41 43
4 41 45
4 41 47
4 41 49
4 43 45
4 43 47
4 43 49
4 45 47
4 45 49
4 47 49
5 6 7
5 6 11
5 6 13
5 6 17
5 6 19
5 6 23
5 6 29
5 6 31
5 6 37
5 6 41
5 6 43
5 6 47
5 6 49
5 7 8
5 7 9
5 7 11
5 7 12
5 7 13
5 7 16
5 7 17
5 7 18
5 7 19
5 7 22
5 7 23
5 7 24
5 7 26
5 7 27
5 7 29
5 7 31
5 7 32
5 7 33
5 7 34
5 7 36
5 7 37
5 7 38
5 7 39
5 7 41
5 7 43
5 7 44
5 7 46
5 7 47
5 7 48
5 8 9
5 8 11
5 8 13
5 8 17
5 8 19
5 8 21
5 8 23
5 8 27
5 8 29
5 8 31
5 8 33
5 8 37
5 8 39
5 8 41
5 8 43
5 8 47
5 8 49
5 9 11
5 9 13
5 9 14
5 9 16
5 9 17
5 9 19
5 9 22
5 9 23
5 9 26
5 9 28
5 9 29
5 9 31
5 9 32
5 9 34
5 9 37
5 9 38
5 9 41
5 9 43
5 9 44
5 9 46
5 9 47
5 9 49
5 11 12
5 11 13
5 11 14
5 11 16
5 11 17
5 11 18
5 11 19
5 11 21
5 11 23
5 11 24
5 11 26
5 11 27
5 11 28
5 11 29
5 11 31
5 11 32
5 11 34
5 11 36
5 11 37
5 11 38
5 11 39
5 11 41
5 11 42
5 11 43
5 11 46
5 11 47
5 11 48
5 11 49
5 12 13
5 12 17
5 12 19
5 12 23
5 12 29
5 12 31
5 12 37
5 12 41
5 12 43
5 12 47
5 12 49
5 13 14
5 13 16
5 13 17
5 13 18
5 13 19
5 13 21
5 13 22
5 13 23
5 13 24
5 13 27
5 13 28
5 13 29
5 13 31
5 13 32
5 13 33
5 13 34
5 13 36
5 13 37
5 13 38
5 13 41
5 13 42
5 13 43
5 13 44
5 13 46
5 13 47
5 13 48
5 13 49
5 14 17
5 14 19
5 14 23
5 14 27
5 14 29
5 14 31
5 14 33
5 14 37
5 14 39
5 14 41
5 14 43
5 14 47
5 16 17
5 16 19
5 16 21
5 16 23
5 16 27
5 16 29
5 16 31
5 16 33
5 16 37
5 16 39
5 16 41
5 16 43
5 16 47
5 16 49
5 17 18
5 17 19
5 17 21
5 17 22
5 17 23
5 17 24
5 17 26
5 17 27
5 17 28
5 17 29
5 17 31
5 17 32
5 17 33
5 17 36
5 17 37
5 17 38
5 17 39
5 17 41
5 17 42
5 17 43
5 17 44
5 17 46
5 17 47
5 17 48
5 17 49
5 18 19
5 18 23
5 18 29
5 18 31
5 18 37
5 18 41
5 18 43
5 18 47
5 18 49
5 19 21
5 19 22
5 19 23
5 19 24
5 19 26
5 19 27
5 19 28
5 19 29
5 19 31
5 19 32
5 19 33
5 19 34
5 19 36
5 19 37
5 19 39
5 19 41
5 19 42
5 19 43
5 19 44
5 19 46
5 19 47
5 19 48
5 19 49
5 21 22
5 21 23
5 21 26
5 21 29
5 21 31
5 21 32
5 21 34
5 21 37
5 21 38
5 21 41
5 21 43
5 21 44
5 21 46
5 21 47
5 22 23
5 22 27
5 22 29
5 22 31
5 22 37
5 22 39
5 22 41
5 22 43
5 22 47
5 22 49
5 23 24
5 23 26
5 23 27
5 23 28
5 23 29
5 23 31
5 23 32
5 23 33
5 23 34
5 23 36
5 23 37
5 23 38
5 23 39
5 23 41
5 23 42
5 23 43
5 23 44
5 23 47
5 23 48
5 23 49
5 24 29
5 24 31
5 24 37
5 24 41
5 24 43
5 24 47
5 24 49
5 26 27
5 26 29
5 26 31
5 26 33
5 26 37
5 26 41
5 26 43
5 26 47
5 26 49
5 27 28
5 27 29
5 27 31
5 27 32
5 27 34
5 27 37
5 27 38
5 27 41
5 27 43
5 27 44
5 27 46
5 27 47
5 27 49
5 28 29
5 28 31
5 28 33
5 28 37
5 28 39
5 28 41
5 28 43
5 28 47
5 29 31
5 29 32
5 29 33
5 29 34
5 29 36
5 29 37
5 29 38
5 29 39
5 29 41
5 29 42
5 29 43
5 29 44
5 29 46
5 29 47
5 29 48
5 29 49
5 31 32
5 31 33
5 31 34
5 31 36
5 31 37
5 31 38
5 31 39
5 31 41
5 31 42
5 31 43
5 31 44
5 31 46
5 31 47
5 31 48
5 31 49
5 32 33
5 32 37
5 32 39
5 32 41
5 32 43
5 32 47
5 32 49
5 33 34
5 33 37
5 33 38
5 33 41
5 33 43
5 33 46
5 33 47
5 33 49
5 34 37
5 34 39
5 34 41
5 34 43
5 34 47
5 34 49
5 36 37
5 36 41
5 36 43
5 36 47
5 36 49
5 37 38
5 37 39
5 37 41
5 37 42
5 37 43
5 37 44
5 37 46
5 37 47
5 37 48
5 37 49
5 38 39
5 38 41
5 38 43
5 38 47
5 38 49
5 39 41
5 39 43
5 39 44
5 39 46
5 39 47
5 39 49
5 41 42
5 41 43
5 41 44
5 41 46
5 41 47
5 41 48
5 41 49
5 42 43
5 42 47
5 43 44
5 43 46
5 43 47
5 43 48
5 43 49
5 44 47
5 44 49
5 46 47
5 46 49
5 47 48
5 47 49
5 48 49
6 7 11
6 7 13
6 7 17
6 7 19
6 7 23
6 7 25
6 7 29
6 7 31
6 7 37
6 7 41
6 7 43
6 7 47
6 11 13
6 11 17
6 11 19
6 11 23
6 11 25
6 11 29
6 11 31
6 11 35
6 11 37
6 11 41
6 11 43
6 11 47
6 11 49
6 13 17
6 13 19
6 13 23
6 13 25
6 13 29
6 13 31
6 13 35
6 13 37
6 13 41
6 13 43
6 13 47
6 13 49
6 17 19
6 17 23
6 17 25
6 17 29
6 17 31
6 17 35
6 17 37
6 17 41
6 17 43
6 17 47
6 17 49
6 19 23
6 19 25
6 19 29
6 19 31
6 19 35
6 19 37
6 19 41
6 19 43
6 19 47
6 19 49
6 23 25
6 23 29
6 23 31
6 23 35
6 23 37
6 23 41
6 23 43
6 23 47
6 23 49
6 25 29
6 25 31
6 25 37
6 25 41
6 25 43
6 25 47
6 25 49
6 29 31
6 29 35
6 29 37
6 29 41
6 29 43
6 29 47
6 29 49
6 31 35
6 31 37
6 31 41
6 31 43
6 31 47
6 31 49
6 35 37
6 35 41
6 35 43
6 35 47
6 37 41
6 37 43
6 37 47
6 37 49
6 41 43
6 41 47
6 41 49
6 43 47
6 43 49
6 47 49
7 8 9
7 8 11
7 8 13
7 8 15
7 8 17
7 8 19
7 8 23
7 8 25
7 8 27
7 8 29
7 8 31
7 8 33
7 8 37
7 8 39
7 8 41
7 8 43
7 8 45
7 8 47
7 9 10
7 9 11
7 9 13
7 9 16
7 9 17
7 9 19
7 9 20
7 9 22
7 9 23
7 9 25
7 9 26
7 9 29
7 9 31
7 9 32
7 9 34
7 9 37
7 9 38
7 9 40
7 9 41
7 9 43
7 9 44
7 9 46
7 9 47
7 10 11
7 10 13
7 10 17
7 10 19
7 10 23
7 10 27
7 10 29
7 10 31
7 10 33
7 10 37
7 10 39
7 10 41
7 10 43
7 10 47
7 11 12
7 11 13
7 11 15
7 11 16
7 11 17
7 11 18
7 11 19
7 11 20
7 11 23
7 11 24
7 11 25
7 11 26
7 11 27
7 11 29
7 11 30
7 11 31
7 11 32
7 11 34
7 11 36
7 11 37
7 11 38
7 11 39
7 11 40
7 11 41
7 11 43
7 11 45
7 11 46
7 11 47
7 11 48
7 12 13
7 12 17
7 12 19
7 12 23
7 12 25
7 12 29
7 12 31
7 12 37
7 12 41
7 12 43
7 12 47
7 13 15
7 13 16
7 13 17
7 13 18
7 13 19
7 13 20
7 13 22
7 13 23
7 13 24
7 13 25
7 13 27
7 13 29
7 13 30
7 13 31
7 13 32
7 13 33
7 13 34
7 13 36
7 13 37
7 13 38
7 13 40
7 13 41
7 13 43
7 13 44
7 13 45
7 13 46
7 13 47
7 13 48
7 15 16
7 15 17
7 15 19
7 15 22
7 15 23
7 15 26
7 15 29
7 15 31
7 15 32
7 15 34
7 15 37
7 15 38
7 15 41
7 15 43
7 15 44
7 15 46
7 15 47
7 16 17
7 16 19
7 16 23
7 16 25
7 16 27
7 16 29
7 16 31
7 16 33
7 16 37
7 16 39
7 16 41
7 16 43
7 16 45
7 16 47
7 17 18
7 17 19
7 17 20
7 17 22
7 17 23
7 17 24
7 17 25
7 17 26
7 17 27
7 17 29
7 17 30
7 17 31
7 17 32
7 17 33
7 17 36
7 17 37
7 17 38
7 17 39
7 17 40
7 17 41
7 17 43
7 17 44
7 17 45
7 17 46
7 17 47
7 17 48
7 18 19
7 18 23
7 18 25
7 18 29
7 18 31
7 18 37
7 18 41
7 18 43
7 18 47
7 19 20
7 19 22
7 19 23
7 19 24
7 19 25
7 19 26
7 19 27
7 19 29
7 19 30
7 19 31
7 19 32
7 19 33
7 19 34
7 19 36
7 19 37
7 19 39
7 19 40
7 19 41
7 19 43
7 19 44
7 19 45
7 19 46
7 19 47
7 19 48
7 20 23
7 20 27
7 20 29
7 20 31
7 20 33
7 20 37
7 20 39
7 20 41
7 20 43
7 20 47
7 22 23
7 22 25
7 22 27
7 22 29
7 22 31
7 22 37
7 22 39
7 22 41
7 22 43
7 22 45
7 22 47
7 23 24
7 23 25
7 23 26
7 23 27
7 23 29
7 23 30
7 23 31
7 23 32
7 23 33
7 23 34
7 23 36
7 23 37
7 23 38
7 23 39
7 23 40
7 23 41
7 23 43
7 23 44
7 23 45
7 23 47
7 23 48
7 24 25
7 24 29
7 24 31
7 24 37
7 24 41
7 24 43
7 24 47
7 25 26
7 25 27
7 25 29
7 25 31
7 25 32
7 25 33
7 25 34
7 25 36
7 25 37
7 25 38
7 25 39
7 25 41
7 25 43
7 25 44
7 25 46
7 25 47
7 25 48
7 26 27
7 26 29
7 26 31
7 26 33
7 26 37
7 26 41
7 26 43
7 26 45
7 26 47
7 27 29
7 27 31
7 27 32
7 27 34
7 27 37
7 27 38
7 27 40
7 27 41
7 27 43
7 27 44
7 27 46
7 27 47
7 29 30
7 29 31
7 29 32
7 29 33
7 29 34
7 29 36
7 29 37
7 29 38
7 29 39
7 29 40
7 29 41
7 29 43
7 29 44
7 29 45
7 29 46
7 29 47
7 29 48
7 30 31
7 30 37
7 30 41
7 30 43
7 30 47
7 31 32
7 31 33
7 31 34
7 31 36
7 31 37
7 31 38
7 31 39
7 31 40
7 31 41
7 31 43
7 31 44
7 31 45
7 31 46
7 31 47
7 31 48
7 32 33
7 32 37
7 32 39
7 32 41
7 32 43
7 32 45
7 32 47
7 33 34
7 33 37
7 33 38
7 33 40
7 33 41
7 33 43
7 33 46
7 33 47
7 34 37
7 34 39
7 34 41
7 34 43
7 34 45
7 34 47
7 36 37
7 36 41
7 36 43
7 36 47
7 37 38
7 37 39
7 37 40
7 37 41
7 37 43
7 37 44
7 37 45
7 37 46
7 37 47
7 37 48
7 38 39
7 38 41
7 38 43
7 38 45
7 38 47
7 39 40
7 39 41
7 39 43
7 39 44
7 39 46
7 39 47
7 40 41
7 40 43
7 40 47
7 41 43
7 41 44
7 41 45
7 41 46
7 41 47
7 41 48
7 43 44
7 43 45
7 43 46
7 43 47
7 43 48
7 44 45
7 44 47
7 45 46
7 45 47
7 46 47
7 47 48
8 9 11
8 9 13
8 9 17
8 9 19
8 9 23
8 9 25
8 9 29
8 9 31
8 9 35
8 9 37
8 9 41
8 9 43
8 9 47
8 9 49
8 11 13
8 11 15
8 11 17
8 11 19
8 11 21
8 11 23
8 11 25
8 11 27
8 11 29
8 11 31
8 11 35
8 11 37
8 11 39
8 11 41
8 11 43
8 11 45
8 11 47
8 11 49
8 13 15
8 13 17
8 13 19
8 13 21
8 13 23
8 13 25
8 13 27
8 13 29
8 13 31
8 13 33
8 13 35
8 13 37
8 13 41
8 13 43
8 13 45
8 13 47
8 13 49
8 15 17
8 15 19
8 15 23
8 15 29
8 15 31
8 15 37
8 15 41
8 15 43
8 15 47
8 15 49
8 17 19
8 17 21
8 17 23
8 17 25
8 17 27
8 17 29
8 17 31
8 17 33
8 17 35
8 17 37
8 17 39
8 17 41
8 17 43
8 17 45
8 17 47
8 17 49
8 19 21
8 19 23
8 19 25
8 19 27
8 19 29
8 19 31
8 19 33
8 19 35
8 19 37
8 19 39
8 19 41
8 19 43
8 19 45
8 19 47
8 19 49
8 21 23
8 21 25
8 21 29
8 21 31
8 21 37
8 21 41
8 21 43
8 21 47
8 23 25
8 23 27
8 23 29
8 23 31
8 23 33
8 23 35
8 23 37
8 23 39
8 23 41
8 23 43
8 23 45
8 23 47
8 23 49
8 25 27
8 25 29
8 25 31
8 25 33
8 25 37
8 25 39
8 25 41
8 25 43
8 25 47
8 25 49
8 27 29
8 27 31
8 27 35
8 27 37
8 27 41
8 27 43
8 27 47
8 27 49
8 29 31
8 29 33
8 29 35
8 29 37
8 29 39
8 29 41
8 29 43
8 29 45
8 29 47
8 29 49
8 31 33
8 31 35
8 31 37
8 31 39
8 31 41
8 31 43
8 31 45
8 31 47
8 31 49
8 33 35
8 33 37
8 33 41
8 33 43
8 33 47
8 33 49
8 35 37
8 35 39
8 35 41
8 35 43
8 35 47
8 37 39
8 37 41
8 37 43
8 37 45
8 37 47
8 37 49
8 39 41
8 39 43
8 39 47
8 39 49
8 41 43
8 41 45
8 41 47
8 41 49
8 43 45
8 43 47
8 43 49
8 45 47
8 45 49
8 47 49
9 10 11
9 10 13
9 10 17
9 10 19
9 10 23
9 10 29
9 10 31
9 10 37
9 10 41
9 10 43
9 10 47
9 10 49
9 11 13
9 11 14
9 11 16
9 11 17
9 11 19
9 11 20
9 11 23
9 11 25
9 11 26
9 11 28
9 11 29
9 11 31
9 11 32
9 11 34
9 11 35
9 11 37
9 11 38
9 11 40
9 11 41
9 11 43
9 11 46
9 11 47
9 11 49
9 13 14
9 13 16
9 13 17
9 13 19
9 13 20
9 13 22
9 13 23
9 13 25
9 13 28
9 13 29
9 13 31
9 13 32
9 13 34
9 13 35
9 13 37
9 13 38
9 13 40
9 13 41
9 13 43
9 13 44
9 13 46
9 13 47
9 13 49
9 14 17
9 14 19
9 14 23
9 14 25
9 14 29
9 14 31
9 14 37
9 14 41
9 14 43
9 14 47
9 16 17
9 16 19
9 16 23
9 16 25
9 16 29
9 16 31
9 16 35
9 16 37
9 16 41
9 16 43
9 16 47
9 16 49
9 17 19
9 17 20
9 17 22
9 17 23
9 17 25
9 17 26
9 17 28
9 17 29
9 17 31
9 17 32
9 17 35
9 17 37
9 17 38
9 17 40
9 17 41
9 17 43
9 17 44
9 17 46
9 17 47
9 17 49
9 19 20
9 19 22
9 19 23
9 19 25
9 19 26
9 19 28
9 19 29
9 19 31
9 19 32
9 19 34
9 19 35
9 19 37
9 19 40
9 19 41
9 19 43
9 19 44
9 19 46
9 19 47
9 19 49
9 20 23
9 20 29
9 20 31
9 20 37
9 20 41
9 20 43
9 20 47
9 20 49
9 22 23
9 22 25
9 22 29
9 22 31
9 22 35
9 22 37
9 22 41
9 22 43
9 22 47
9 22 49
9 23 25
9 23 26
9 23 28
9 23 29
9 23 31
9 23 32
9 23 34
9 23 35
9 23 37
9 23 38
9 23 40
9 23 41
9 23 43
9 23 44
9 23 47
9 23 49
9 25 26
9 25 28
9 25 29
9 25 31
9 25 32
9 25 34
9 25 37
9 25 38
9 25 41
9 25 43
9 25 44
9 25 46
9 25 47
9 25 49
9 26 29
9 26 31
9 26 35
9 26 37
9 26 41
9 26 43
9 26 47
9 26 49
9 28 29
9 28 31
9 28 37
9 28 41
9 28 43
9 28 47
9 29 31
9 29 32
9 29 34
9 29 35
9 29 37
9 29 38
9 29 40
9 29 41
9 29 43
9 29 44
9 29 46
9 29 47
9 29 49
9 31 32
9 31 34
9 31 35
9 31 37
9 31 38
9 31 40
9 31 41
9 31 43
9 31 44
9 31 46
9 31 47
9 31 49
9 32 35
9 32 37
9 32 41
9 32 43
9 32 47
9 32 49
9 34 35
9 34 37
9 34 41
9 34 43
9 34 47
9 34 49
9 35 37
9 35 38
9 35 41
9 35 43
9 35 44
9 35 46
9 35 47
9 37 38
9 37 40
9 37 41
9 37 43
9 37 44
9 37 46
9 37 47
9 37 49
9 38 41
9 38 43
9 38 47
9 38 49
9 40 41
9 40 43
9 40 47
9 40 49
9 41 43
9 41 44
9 41 46
9 41 47
9 41 49
9 43 44
9 43 46
9 43 47
9 43 49
9 44 47
9 44 49
9 46 47
9 46 49
9 47 49
10 11 13
10 11 17
10 11 19
10 11 21
10 11 23
10 11 27
10 11 29
10 11 31
10 11 37
10 11 39
10 11 41
10 11 43
10 11 47
10 11 49
10 13 17
10 13 19
10 13 21
10 13 23
10 13 27
10 13 29
10 13 31
10 13 33
10 13 37
10 13 41
10 13 43
10 13 47
10 13 49
10 17 19
10 17 21
10 17 23
10 17 27
10 17 29
10 17 31
10 17 33
10 17 37
10 17 39
10 17 41
10 17 43
10 17 47
10 17 49
10 19 21
10 19 23
10 19 27
10 19 29
10 19 31
10 19 33
10 19 37
10 19 39
10 19 41
10 19 43
10 19 47
10 19 49
10 21 23
10 21 29
10 21 31
10 21 37
10 21 41
10 21 43
10 21 47
10 23 27
10 23 29
10 23 31
10 23 33
10 23 37
10 23 39
10 23 41
10 23 43
10 23 47
10 23 49
10 27 29
10 27 31
10 27 37
10 27 41
10 27 43
10 27 47
10 27 49
10 29 31
10 29 33
10 29 37
10 29 39
10 29 41
10 29 43
10 29 47
10 29 49
10 31 33
10 31 37
10 31 39
10 31 41
10 31 43
10 31 47
10 31 49
10 33 37
10 33 41
10 33 43
10 33 47
10 33 49
10 37 39
10 37 41
10 37 43
10 37 47
10 37 49
10 39 41
10 39 43
10 39 47
10 39 49
10 41 43
10 41 47
10 41 49
10 43 47
10 43 49
10 47 49
11 12 13
11 12 17
11 12 19
11 12 23
11 12 25
11 12 29
11 12 31
11 12 35
11 12 37
11 12 41
11 12 43
11 12 47
11 12 49
11 13 14
11 13 15
11 13 16
11 13 17
11 13 18
11 13 19
11 13 20
11 13 21
11 13 23
11 13 24
11 13 25
11 13 27
11 13 28
11 13 29
11 13 30
11 13 31
11 13 32
11 13 34
11 13 35
11 13 36
11 13 37
11 13 38
11 13 40
11 13 41
11 13 42
11 13 43
11 13 45
11 13 46
11 13 47
11 13 48
11 13 49
11 14 15
11 14 17
11 14 19
11 14 23
11 14 25
11 14 27
11 14 29
11 14 31
11 14 37
11 14 39
11 14 41
11 14 43
11 14 45
11 14 47
11 15 16
11 15 17
11 15 19
11 15 23
11 15 26
11 15 28
11 15 29
11 15 31
11 15 32
11 15 34
11 15 37
11 15 38
11 15 41
11 15 43
11 15 46
11 15 47
11 15 49
11 16 17
11 16 19
11 16 21
11 16 23
11 16 25
11 16 27
11 16 29
11 16 31
11 16 35
11 16 37
11 16 39
11 16 41
11 16 43
11 16 45
11 16 47
11 16 49
11 17 18
11 17 19
11 17 20
11 17 21
11 17 23
11 17 24
11 17 25
11 17 26
11 17 27
11 17 28
11 17 29
11 17 30
11 17 31
11 17 32
11 17 35
11 17 36
11 17 37
11 17 38
11 17 39
11 17 40
11 17 41
11 17 42
11 17 43
11 17 45
11 17 46
11 17 47
11 17 48
11 17 49
11 18 19
11 18 23
11 18 25
11 18 29
11 18 31
11 18 35
11 18 37
11 18 41
11 18 43
11 18 47
11 18 49
11 19 20
11 19 21
11 19 23
11 19 24
11 19 25
11 19 26
11 19 27
11 19 28
11 19 29
11 19 30
11 19 31
11 19 32
11 19 34
11 19 35
11 19 36
11 19 37
11 19 39
11 19 40
11 19 41
11 19 42
11 19 43
11 19 45
11 19 46
11 19 47
11 19 48
11 19 49
11 20 21
11 20 23
11 20 27
11 20 29
11 20 31
11 20 37
11 20 39
11 20 41
11 20 43
11 20 47
11 20 49
11 21 23
11 21 25
11 21 26
11 21 29
11 21 31
11 21 32
11 21 34
11 21 37
11 21 38
11 21 40
11 21 41
11 21 43
11 21 46
11 21 47
11 23 24
11 23 25
11 23 26
11 23 27
11 23 28
11 23 29
11 23 30
11 23 31
11 23 32
11 23 34
11 23 35
11 23 36
11 23 37
11 23 38
11 23 39
11 23 40
11 23 41
11 23 42
11 23 43
11 23 45
11 23 47
11 23 48
11 23 49
11 24 25
11 24 29
11 24 31
11 24 35
11 24 37
11 24 41
11 24 43
11 24 47
11 24 49
11 25 26
11 25 27
11 25 28
11 25 29
11 25 31
11 25 32
11 25 34
11 25 36
11 25 37
11 25 38
11 25 39
11 25 41
11 25 42
11 25 43
11 25 46
11 25 47
11 25 48
11 25 49
11 26 27
11 26 29
11 26 31
11 26 35
11 26 37
11 26 41
11 26 43
11 26 45
11 26 47
11 26 49
11 27 28
11 27 29
11 27 31
11 27 32
11 27 34
11 27 35
11 27 37
11 27 38
11 27 40
11 27 41
11 27 43
11 27 46
11 27 47
11 27 49
11 28 29
11 28 31
11 28 37
11 28 39
11 28 41
11 28 43
11 28 45
11 28 47
11 29 30
11 29 31
11 29 32
11 29 34
11 29 35
11 29 36
11 29 37
11 29 38
11 29 39
11 29 40
11 29 41
11 29 42
11 29 43
11 29 45
11 29 46
11 29 47
11 29 48
11 29 49
11 30 31
11 30 37
11 30 41
11 30 43
11 30 47
11 30 49
11 31 32
11 31 34
11 31 35
11 31 36
11 31 37
11 31 38
11 31 39
11 31 40
11 31 41
11 31 42
11 31 43
11 31 45
11 31 46
11 31 47
11 31 48
11 31 49
11 32 35
11 32 37
11 32 39
11 32 41
11 32 43
11 32 45
11 32 47
11 32 49
11 34 35
11 34 37
11 34 39
11 34 41
11 34 43
11 34 45
11 34 47
11 34 49
11 35 36
11 35 37
11 35 38
11 35 39
11 35 41
11 35 43
11 35 46
11 35 47
11 35 48
11 36 37
11 36 41
11 36 43
11 36 47
11 36 49
11 37 38
11 37 39
11 37 40
11 37 41
11 37 42
11 37 43
11 37 45
11 37 46
11 37 47
11 37 48
11 37 49
11 38 39
11 38 41
11 38 43
11 38 45
11 38 47
11 38 49
11 39 40
11 39 41
11 39 43
11 39 46
11 39 47
11 39 49
11 40 41
11 40 43
11 40 47
11 40 49
11 41 42
11 41 43
11 41 45
11 41 46
11 41 47
11 41 48
11 41 49
11 42 43
11 42 47
11 43 45
11 43 46
11 43 47
11 43 48
11 43 49
11 45 46
11 45 47
11 45 49
11 46 47
11 46 49
11 47 48
11 47 49
11 48 49
12 13 17
12 13 19
12 13 23
12 13 25
12 13 29
12 13 31
12 13 35
12 13 37
12 13 41
12 13 43
12 13 47
12 13 49
12 17 19
12 17 23
12 17 25
12 17 29
12 17 31
12 17 35
12 17 37
12 17 41
12 17 43
12 17 47
12 17 49
12 19 23
12 19 25
12 19 29
12 19 31
12 19 35
12 19 37
12 19 41
12 19 43
12 19 47
12 19 49
12 23 25
12 23 29
12 23 31
12 23 35
12 23 37
12 23 41
12 23 43
12 23 47
12 23 49
12 25 29
12 25 31
12 25 37
12 25 41
12 25 43
12 25 47
12 25 49
12 29 31
12 29 35
12 29 37
12 29 41
12 29 43
12 29 47
12 29 49
12 31 35
12 31 37
12 31 41
12 31 43
12 31 47
12 31 49
12 35 37
12 35 41
12 35 43
12 35 47
12 37 41
12 37 43
12 37 47
12 37 49
12 41 43
12 41 47
12 41 49
12 43 47
12 43 49
12 47 49
13 14 15
13 14 17
13 14 19
13 14 23
13 14 25
13 14 27
13 14 29
13 14 31
13 14 33
13 14 37
13 14 41
13 14 43
13 14 45
13 14 47
13 15 16
13 15 17
13 15 19
13 15 22
13 15 23
13 15 28
13 15 29
13 15 31
13 15 32
13 15 34
13 15 37
13 15 38
13 15 41
13 15 43
13 15 44
13 15 46
13 15 47
13 15 49
13 16 17
13 16 19
13 16 21
13 16 23
13 16 25
13 16 27
13 16 29
13 16 31
13 16 33
13 16 35
13 16 37
13 16 41
13 16 43
13 16 45
13 16 47
13 16 49
13 17 18
13 17 19
13 17 20
13 17 21
13 17 22
13 17 23
13 17 24
13 17 25
13 17 27
13 17 28
13 17 29
13 17 30
13 17 31
13 17 32
13 17 33
13 17 35
13 17 36
13 17 37
13 17 38
13 17 40
13 17 41
13 17 42
13 17 43
13 17 44
13 17 45
13 17 46
13 17 47
13 17 48
13 17 49
13 18 19
13 18 23
13 18 25
13 18 29
13 18 31
13 18 35
13 18 37
13 18 41
13 18 43
13 18 47
13 18 49
13 19 20
13 19 21
13 19 22
13 19 23
13 19 24
13 19 25
13 19 27
13 19 28
13 19 29
13 19 30
13 19 31
13 19 32
13 19 33
13 19 34
13 19 35
13 19 36
13 19 37
13 19 40
13 19 41
13 19 42
13 19 43
13 19 44
13 19 45
13 19 46
13 19 47
13 19 48
13 19 49
13 20 21
13 20 23
13 20 27
13 20 29
13 20 31
13 20 33
13 20 37
13 20 41
13 20 43
13 20 47
13 20 49
13 21 22
13 21 23
13 21 25
13 21 29
13 21 31
13 21 32
13 21 34
13 21 37
13 21 38
13 21 40
13 21 41
13 21 43
13 21 44
13 21 46
13 21 47
13 22 23
13 22 25
13 22 27
13 22 29
13 22 31
13 22 35
13 22 37
13 22 41
13 22 43
13 22 45
13 22 47
13 22 49
13 23 24
13 23 25
13 23 27
13 23 28
13 23 29
13 23 30
13 23 31
13 23 32
13 23 33
13 23 34
13 23 35
13 23 36
13 23 37
13 23 38
13 23 40
13 23 41
13 23 42
13 23 43
13 23 44
13 23 45
13 23 47
13 23 48
13 23 49
13 24 25
13 24 29
13 24 31
13 24 35
13 24 37
13 24 41
13 24 43
13 24 47
13 24 49
13 25 27
13 25 28
13 25 29
13 25 31
13 25 32
13 25 33
13 25 34
13 25 36
13 25 37
13 25 38
13 25 41
13 25 42
13 25 43
13 25 44
13 25 46
13 25 47
13 25 48
13 25 49
13 27 28
13 27 29
13 27 31
13 27 32
13 27 34
13 27 35
13 27 37
13 27 38
13 27 40
13 27 41
13 27 43
13 27 44
13 27 46
13 27 47
13 27 49
13 28 29
13 28 31
13 28 33
13 28 37
13 28 41
13 28 43
13 28 45
13 28 47
13 29 30
13 29 31
13 29 32
13 29 33
13 29 34
13 29 35
13 29 36
13 29 37
13 29 38
13 29 40
13 29 41
13 29 42
13 29 43
13 29 44
13 29 45
13 29 46
13 29 47
13 29 48
13 29 49
13 30 31
13 30 37
13 30 41
13 30 43
13 30 47
13 30 49
13 31 32
13 31 33
13 31 34
13 31 35
13 31 36
13 31 37
13 31 38
13 31 40
13 31 41
13 31 42
13 31 43
13 31 44
13 31 45
13 31 46
13 31 47
13 31 48
13 31 49
13 32 33
13 32 35
13 32 37
13 32 41
13 32 43
13 32 45
13 32 47
13 32 49
13 33 34
13 33 35
13 33 37
13 33 38
13 33 40
13 33 41
13 33 43
13 33 46
13 33 47
13 33 49
13 34 35
13 34 37
13 34 41
13 34 43
13 34 45
13 34 47
13 34 49
13 35 36
13 35 37
13 35 38
13 35 41
13 35 43
13 35 44
13 35 46
13 35 47
13 35 48
13 36 37
13 36 41
13 36 43
13 36 47
13 36 49
13 37 38
13 37 40
13 37 41
13 37 42
13 37 43
13 37 44
13 37 45
13 37 46
13 37 47
13 37 48
13 37 49
13 38 41
13 38 43
13 38 45
13 38 47
13 38 49
13 40 41
13 40 43
13 40 47
13 40 49
13 41 42
13 41 43
13 41 44
13 41 45
13 41 46
13 41 47
13 41 48
13 41 49
13 42 43
13 42 47
13 43 44
13 43 45
13 43 46
13 43 47
13 43 48
13 43 49
13 44 45
13 44 47
13 44 49
13 45 46
13 45 47
13 45 49
13 46 47
13 46 49
13 47 48
13 47 49
13 48 49
14 15 17
14 15 19
14 15 23
14 15 29
14 15 31
14 15 37
14 15 41
14 15 43
14 15 47
14 17 19
14 17 23
14 17 25
14 17 27
14 17 29
14 17 31
14 17 33
14 17 37
14 17 39
14 17 41
14 17 43
14 17 45
14 17 47
14 19 23
14 19 25
14 19 27
14 19 29
14 19 31
14 19 33
14 19 37
14 19 39
14 19 41
14 19 43
14 19 45
14 19 47
14 23 25
14 23 27
14 23 29
14 23 31
14 23 33
14 23 37
14 23 39
14 23 41
14 23 43
14 23 45
14 23 47
14 25 27
14 25 29
14 25 31
14 25 33
14 25 37
14 25 39
14 25 41
14 25 43
14 25 47
14 27 29
14 27 31
14 27 37
14 27 41
14 27 43
14 27 47
14 29 31
14 29 33
14 29 37
14 29 39
14 29 41
14 29 43
14 29 45
14 29 47
14 31 33
14 31 37
14 31 39
14 31 41
14 31 43
14 31 45
14 31 47
14 33 37
14 33 41
14 33 43
14 33 47
14 37 39
14 37 41
14 37 43
14 37 45
14 37 47
14 39 41
14 39 43
14 39 47
14 41 43
14 41 45
14 41 47
14 43 45
14 43 47
14 45 47
15 16 17
15 16 19
15 16 23
15 16 29
15 16 31
15 16 37
15 16 41
15 16 43
15 16 47
15 16 49
15 17 19
15 17 22
15 17 23
15 17 26
15 17 28
15 17 29
15 17 31
15 17 32
15 17 37
15 17 38
15 17 41
15 17 43
15 17 44
15 17 46
15 17 47
15 17 49
15 19 22
15 19 23
15 19 26
15 19 28
15 19 29
15 19 31
15 19 32
15 19 34
15 19 37
15 19 41
15 19 43
15 19 44
15 19 46
15 19 47
15 19 49
15 22 23
15 22 29
15 22 31
15 22 37
15 22 41
15 22 43
15 22 47
15 22 49
15 23 26
15 23 28
15 23 29
15 23 31
15 23 32
15 23 34
15 23 37
15 23 38
15 23 41
15 23 43
15 23 44
15 23 47
15 23 49
15 26 29
15 26 31
15 26 37
15 26 41
15 26 43
15 26 47
15 26 49
15 28 29
15 28 31
15 28 37
15 28 41
15 28 43
15 28 47
15 29 31
15 29 32
15 29 34
15 29 37
15 29 38
15 29 41
15 29 43
15 29 44
15 29 46
15 29 47
15 29 49
15 31 32
15 31 34
15 31 37
15 31 38
15 31 41
15 31 43
15 31 44
15 31 46
15 31 47
15 31 49
15 32 37
15 32 41
15 32 43
15 32 47
15 32 49
15 34 37
15 34 41
15 34 43
15 34 47
15 34 49
15 37 38
15 37 41
15 37 43
15 37 44
15 37 46
15 37 47
15 37 49
15 38 41
15 38 43
15 38 47
15 38 49
15 41 43
15 41 44
15 41 46
15 41 47
15 41 49
15 43 44
15 43 46
15 43 47
15 43 49
15 44 47
15 44 49
15 46 47
15 46 49
15 47 49
16 17 19
16 17 21
16 17 23
16 17 25
16 17 27
16 17 29
16 17 31
16 17 33
16 17 35
16 17 37
16 17 39
16 17 41
16 17 43
16 17 45
16 17 47
16 17 49
16 19 21
16 19 23
16 19 25
16 19 27
16 19 29
16 19 31
16 19 33
16 19 35
16 19 37
16 19 39
16 19 41
16 19 43
16 19 45
16 19 47
16 19 49
16 21 23
16 21 25
16 21 29
16 21 31
16 21 37
16 21 41
16 21 43
16 21 47
16 23 25
16 23 27
16 23 29
16 23 31
16 23 33
16 23 35
16 23 37
16 23 39
16 23 41
16 23 43
16 23 45
16 23 47
16 23 49
16 25 27
16 25 29
16 25 31
16 25 33
16 25 37
16 25 39
16 25 41
16 25 43
16 25 47
16 25 49
16 27 29
16 27 31
16 27 35
16 27 37
16 27 41
16 27 43
16 27 47
16 27 49
16 29 31
16 29 33
16 29 35
16 29 37
16 29 39
16 29 41
16 29 43
16 29 45
16 29 47
16 29 49
16 31 33
16 31 35
16 31 37
16 31 39
16 31 41
16 31 43
16 31 45
16 31 47
16 31 49
16 33 35
16 33 37
16 33 41
16 33 43
16 33 47
16 33 49
16 35 37
16 35 39
16 35 41
16 35 43
16 35 47
16 37 39
16 37 41
16 37 43
16 37 45
16 37 47
16 37 49
16 39 41
16 39 43
16 39 47
16 39 49
16 41 43
16 41 45
16 41 47
16 41 49
16 43 45
16 43 47
16 43 49
16 45 47
16 45 49
16 47 49
17 18 19
17 18 23
17 18 25
17 18 29
17 18 31
17 18 35
17 18 37
17 18 41
17 18 43
17 18 47
17 18 49
17 19 20
17 19 21
17 19 22
17 19 23
17 19 24
17 19 25
17 19 26
17 19 27
17 19 28
17 19 29
17 19 30
17 19 31
17 19 32
17 19 33
17 19 35
17 19 36
17 19 37
17 19 39
17 19 40
17 19 41
17 19 42
17 19 43
17 19 44
17 19 45
17 19 46
17 19 47
17 19 48
17 19 49
17 20 21
17 20 23
17 20 27
17 20 29
17 20 31
17 20 33
17 20 37
17 20 39
17 20 41
17 20 43
17 20 47
17 20 49
17 21 22
17 21 23
17 21 25
17 21 26
17 21 29
17 21 31
17 21 32
17 21 37
17 21 38
17 21 40
17 21 41
17 21 43
17 21 44
17 21 46
17 21 47
17 22 23
17 22 25
17 22 27
17 22 29
17 22 31
17 22 35
17 22 37
17 22 39
17 22 41
17 22 43
17 22 45
17 22 47
17 22 49
17 23 24
17 23 25
17 23 26
17 23 27
17 23 28
17 23 29
17 23 30
17 23 31
17 23 32
17 23 33
17 23 35
17 23 36
17 23 37
17 23 38
17 23 39
17 23 40
17 23 41
17 23 42
17 23 43
17 23 44
17 23 45
17 23 47
17 23 48
17 23 49
17 24 25
17 24 29
17 24 31
17 24 35
17 24 37
17 24 41
17 24 43
17 24 47
17 24 49
17 25 26
17 25 27
17 25 28
17 25 29
17 25 31
17 25 32
17 25 33
17 25 36
17 25 37
17 25 38
17 25 39
17 25 41
17 25 42
17 25 43
17 25 44
17 25 46
17 25 47
17 25 48
17 25 49
17 26 27
17 26 29
17 26 31
17 26 33
17 26 35
17 26 37
17 26 41
17 26 43
17 26 45
17 26 47
17 26 49
17 27 28
17 27 29
17 27 31
17 27 32
17 27 35
17 27 37
17 27 38
17 27 40
17 27 41
17 27 43
17 27 44
17 27 46
17 27 47
17 27 49
17 28 29
17 28 31
17 28 33
17 28 37
17 28 39
17 28 41
17 28 43
17 28 45
17 28 47
17 29 30
17 29 31
17 29 32
17 29 33
17 29 35
17 29 36
17 29 37
17 29 38
17 29 39
17 29 40
17 29 41
17 29 42
17 29 43
17 29 44
17 29 45
17 29 46
17 29 47
17 29 48
17 29 49
17 30 31
17 30 37
17 30 41
17 30 43
17 30 47
17 30 49
17 31 32
17 31 33
17 31 35
17 31 36
17 31 37
17 31 38
17 31 39
17 31 40
17 31 41
17 31 42
17 31 43
17 31 44
17 31 45
17 31 46
17 31 47
17 31 48
17 31 49
17 32 33
17 32 35
17 32 37
17 32 39
17 32 41
17 32 43
17 32 45
17 32 47
17 32 49
17 33 35
17 33 37
17 33 38
17 33 40
17 33 41
17 33 43
17 33 46
17 33 47
17 33 49
17 35 36
17 35 37
17 35 38
17 35 39
17 35 41
17 35 43
17 35 44
17 35 46
17 35 47
17 35 48
17 36 37
17 36 41
17 36 43
17 36 47
17 36 49
17 37 38
17 37 39
17 37 40
17 37 41
17 37 42
17 37 43
17 37 44
17 37 45
17 37 46
17 37 47
17 37 48
17 37 49
17 38 39
17 38 41
17 38 43
17 38 45
17 38 47
17 38 49
17 39 40
17 39 41
17 39 43
17 39 44
17 39 46
17 39 47
17 39 49
17 40 41
17 40 43
17 40 47
17 40 49
17 41 42
17 41 43
17 41 44
17 41 45
17 41 46
17 41 47
17 41 48
17 41 49
17 42 43
17 42 47
17 43 44
17 43 45
17 43 46
17 43 47
17 43 48
17 43 49
17 44 45
17 44 47
17 44 49
17 45 46
17 45 47
17 45 49
17 46 47
17 46 49
17 47 48
17 47 49
17 48 49
18 19 23
18 19 25
18 19 29
18 19 31
18 19 35
18 19 37
18 19 41
18 19 43
18 19 47
18 19 49
18 23 25
18 23 29
18 23 31
18 23 35
18 23 37
18 23 41
18 23 43
18 23 47
18 23 49
18 25 29
18 25 31
18 25 37
18 25 41
18 25 43
18 25 47
18 25 49
18 29 31
18 29 35
18 29 37
18 29 41
18 29 43
18 29 47
18 29 49
18 31 35
18 31 37
18 31 41
18 31 43
18 31 47
18 31 49
18 35 37
18 35 41
18 35 43
18 35 47
18 37 41
18 37 43
18 37 47
18 37 49
18 41 43
18 41 47
18 41 49
18 43 47
18 43 49
18 47 49
19 20 21
19 20 23
19 20 27
19 20 29
19 20 31
19 20 33
19 20 37
19 20 39
19 20 41
19 20 43
19 20 47
19 20 49
19 21 22
19 21 23
19 21 25
19 21 26
19 21 29
19 21 31
19 21 32
19 21 34
19 21 37
19 21 40
19 21 41
19 21 43
19 21 44
19 21 46
19 21 47
19 22 23
19 22 25
19 22 27
19 22 29
19 22 31
19 22 35
19 22 37
19 22 39
19 22 41
19 22 43
19 22 45
19 22 47
19 22 49
19 23 24
19 23 25
19 23 26
19 23 27
19 23 28
19 23 29
19 23 30
19 23 31
19 23 32
19 23 33
19 23 34
19 23 35
19 23 36
19 23 37
19 23 39
19 23 40
19 23 41
19 23 42
19 23 43
19 23 44
19 23 45
19 23 47
19 23 48
19 23 49
19 24 25
19 24 29
19 24 31
19 24 35
19 24 37
19 24 41
19 24 43
19 24 47
19 24 49
19 25 26
19 25 27
19 25 28
19 25 29
19 25 31
19 25 32
19 25 33
19 25 34
19 25 36
19 25 37
19 25 39
19 25 41
19 25 42
19 25 43
19 25 44
19 25 46
19 25 47
19 25 48
19 25 49
19 26 27
19 26 29
19 26 31
19 26 33
19 26 35
19 26 37
19 26 41
19 26 43
19 26 45
19 26 47
19 26 49
19 27 28
19 27 29
19 27 31
19 27 32
19 27 34
19 27 35
19 27 37
19 27 40
19 27 41
19 27 43
19 27 44
19 27 46
19 27 47
19 27 49
19 28 29
19 28 31
19 28 33
19 28 37
19 28 39
19 28 41
19 28 43
19 28 45
19 28 47
19 29 30
19 29 31
19 29 32
19 29 33
19 29 34
19 29 35
19 29 36
19 29 37
19 29 39
19 29 40
19 29 41
19 29 42
19 29 43
19 29 44
19 29 45
19 29 46
19 29 47
19 29 48
19 29 49
19 30 31
19 30 37
19 30 41
19 30 43
19 30 47
19 30 49
19 31 32
19 31 33
19 31 34
19 31 35
19 31 36
19 31 37
19 31 39
19 31 40
19 31 41
19 31 42
19 31 43
19 31 44
19 31 45
19 31 46
19 31 47
19 31 48
19 31 49
19 32 33
19 32 35
19 32 37
19 32 39
19 32 41
19 32 43
19 32 45
19 32 47
19 32 49
19 33 34
19 33 35
19 33 37
19 33 40
19 33 41
19 33 43
19 33 46
19 33 47
19 33 49
19 34 35
19 34 37
19 34 39
19 34 41
19 34 43
19 34 45
19 34 47
19 34 49
19 35 36
19 35 37
19 35 39
19 35 41
19 35 43
19 35 44
19 35 46
19 35 47
19 35 48
19 36 37
19 36 41
19 36 43
19 36 47
19 36 49
19 37 39
19 37 40
19 37 41
19 37 42
19 37 43
19 37 44
19 37 45
19 37 46
19 37 47
19 37 48
19 37 49
19 39 40
19 39 41
19 39 43
19 39 44
19 39 46
19 39 47
19 39 49
19 40 41
19 40 43
19 40 47
19 40 49
19 41 42
19 41 43
19 41 44
19 41 45
19 41 46
19 41 47
19 41 48
19 41 49
19 42 43
19 42 47
19 43 44
19 43 45
19 43 46
19 43 47
19 43 48
19 43 49
19 44 45
19 44 47
19 44 49
19 45 46
19 45 47
19 45 49
19 46 47
19 46 49
19 47 48
19 47 49
19 48 49
20 21 23
20 21 29
20 21 31
20 21 37
20 21 41
20 21 43
20 21 47
20 23 27
20 23 29
20 23 31
20 23 33
20 23 37
20 23 39
20 23 41
20 23 43
20 23 47
20 23 49
20 27 29
20 27 31
20 27 37
20 27 41
20 27 43
20 27 47
20 27 49
20 29 31
20 29 33
20 29 37
20 29 39
20 29 41
20 29 43
20 29 47
20 29 49
20 31 33
20 31 37
20 31 39
20 31 41
20 31 43
20 31 47
20 31 49
20 33 37
20 33 41
20 33 43
20 33 47
20 33 49
20 37 39
20 37 41
20 37 43
20 37 47
20 37 49
20 39 41
20 39 43
20 39 47
20 39 49
20 41 43
20 41 47
20 41 49
20 43 47
20 43 49
20 47 49
21 22 23
21 22 25
21 22 29
21 22 31
21 22 37
21 22 41
21 22 43
21 22 47
21 23 25
21 23 26
21 23 29
21 23 31
21 23 32
21 23 34
21 23 37
21 23 38
21 23 40
21 23 41
21 23 43
21 23 44
21 23 47
21 25 26
21 25 29
21 25 31
21 25 32
21 25 34
21 25 37
21 25 38
21 25 41
21 25 43
21 25 44
21 25 46
21 25 47
21 26 29
21 26 31
21 26 37
21 26 41
21 26 43
21 26 47
21 29 31
21 29 32
21 29 34
21 29 37
21 29 38
21 29 40
21 29 41
21 29 43
21 29 44
21 29 46
21 29 47
21 31 32
21 31 34
21 31 37
21 31 38
21 31 40
21 31 41
21 31 43
21 31 44
21 31 46
21 31 47
21 32 37
21 32 41
21 32 43
21 32 47
21 34 37
21 34 41
21 34 43
21 34 47
21 37 38
21 37 40
21 37 41
21 37 43
21 37 44
21 37 46
21 37 47
21 38 41
21 38 43
21 38 47
21 40 41
21 40 43
21 40 47
21 41 43
21 41 44
21 41 46
21 41 47
21 43 44
21 43 46
21 43 47
21 44 47
21 46 47
22 23 25
22 23 27
22 23 29
22 23 31
22 23 35
22 23 37
22 23 39
22 23 41
22 23 43
22 23 45
22 23 47
22 23 49
22 25 27
22 25 29
22 25 31
22 25 37
22 25 39
22 25 41
22 25 43
22 25 47
22 25 49
22 27 29
22 27 31
22 27 35
22 27 37
22 27 41
22 27 43
22 27 47
22 27 49
22 29 31
22 29 35
22 29 37
22 29 39
22 29 41
22 29 43
22 29 45
22 29 47
22 29 49
22 31 35
22 31 37
22 31 39
22 31 41
22 31 43
22 31 45
22 31 47
22 31 49
22 35 37
22 35 39
22 35 41
22 35 43
22 35 47
22 37 39
22 37 41
22 37 43
22 37 45
22 37 47
22 37 49
22 39 41
22 39 43
22 39 47
22 39 49
22 41 43
22 41 45
22 41 47
22 41 49
22 43 45
22 43 47
22 43 49
22 45 47
22 45 49
22 47 49
23 24 25
23 24 29
23 24 31
23 24 35
23 24 37
23 24 41
23 24 43
23 24 47
23 24 49
23 25 26
23 25 27
23 25 28
23 25 29
23 25 31
23 25 32
23 25 33
23 25 34
23 25 36
23 25 37
23 25 38
23 25 39
23 25 41
23 25 42
23 25 43
23 25 44
23 25 47
23 25 48
23 25 49
23 26 27
23 26 29
23 26 31
23 26 33
23 26 35
23 26 37
23 26 41
23 26 43
23 26 45
23 26 47
23 26 49
23 27 28
23 27 29
23 27 31
23 27 32
23 27 34
23 27 35
23 27 37
23 27 38
23 27 40
23 27 41
23 27 43
23 27 44
23 27 47
23 27 49
23 28 29
23 28 31
23 28 33
23 28 37
23 28 39
23 28 41
23 28 43
23 28 45
23 28 47
23 29 30
23 29 31
23 29 32
23 29 33
23 29 34
23 29 35
23 29 36
23 29 37
23 29 38
23 29 39
23 29 40
23 29 41
23 29 42
23 29 43
23 29 44
23 29 45
23 29 47
23 29 48
23 29 49
23 30 31
23 30 37
23 30 41
23 30 43
23 30 47
23 30 49
23 31 32
23 31 33
23 31 34
23 31 35
23 31 36
23 31 37
23 31 38
23 31 39
23 31 40
23 31 41
23 31 42
23 31 43
23 31 44
23 31 45
23 31 47
23 31 48
23 31 49
23 32 33
23 32 35
23 32 37
23 32 39
23 32 41
23 32 43
23 32 45
23 32 47
23 32 49
23 33 34
23 33 35
23 33 37
23 33 38
23 33 40
23 33 41
23 33 43
23 33 47
23 33 49
23 34 35
23 34 37
23 34 39
23 34 41
23 34 43
23 34 45
23 34 47
23 34 49
23 35 36
23 35 37
23 35 38
23 35 39
23 35 41
23 35 43
23 35 44
23 35 47
23 35 48
23 36 37
23 36 41
23 36 43
23 36 47
23 36 49
23 37 38
23 37 39
23 37 40
23 37 41
23 37 42
23 37 43
23 37 44
23 37 45
23 37 47
23 37 48
23 37 49
23 38 39
23 38 41
23 38 43
23 38 45
23 38 47
23 38 49
23 39 40
23 39 41
23 39 43
23 39 44
23 39 47
23 39 49
23 40 41
23 40 43
23 40 47
23 40 49
23 41 42
23 41 43
23 41 44
23 41 45
23 41 47
23 41 48
23 41 49
23 42 43
23 42 47
23 43 44
23 43 45
23 43 47
23 43 48
23 43 49
23 44 45
23 44 47
23 44 49
23 45 47
23 45 49
23 47 48
23 47 49
23 48 49
24 25 29
24 25 31
24 25 37
24 25 41
24 25 43
24 25 47
24 25 49
24 29 31
24 29 35
24 29 37
24 29 41
24 29 43
24 29 47
24 29 49
24 31 35
24 31 37
24 31 41
24 31 43
24 31 47
24 31 49
24 35 37
24 35 41
24 35 43
24 35 47
24 37 41
24 37 43
24 37 47
24 37 49
24 41 43
24 41 47
24 41 49
24 43 47
24 43 49
24 47 49
25 26 27
25 26 29
25 26 31
25 26 33
25 26 37
25 26 41
25 26 43
25 26 47
25 26 49
25 27 28
25 27 29
25 27 31
25 27 32
25 27 34
25 27 37
25 27 38
25 27 41
25 27 43
25 27 44
25 27 46
25 27 47
25 27 49
25 28 29
25 28 31
25 28 33
25 28 37
25 28 39
25 28 41
25 28 43
25 28 47
25 29 31
25 29 32
25 29 33
25 29 34
25 29 36
25 29 37
25 29 38
25 29 39
25 29 41
25 29 42
25 29 43
25 29 44
25 29 46
25 29 47
25 29 48
25 29 49
25 31 32
25 31 33
25 31 34
25 31 36
25 31 37
25 31 38
25 31 39
25 31 41
25 31 42
25 31 43
25 31 44
25 31 46
25 31 47
25 31 48
25 31 49
25 32 33
25 32 37
25 32 39
25 32 41
25 32 43
25 32 47
25 32 49
25 33 34
25 33 37
25 33 38
25 33 41
25 33 43
25 33 46
25 33 47
25 33 49
25 34 37
25 34 39
25 34 41
25 34 43
25 34 47
25 34 49
25 36 37
25 36 41
25 36 43
25 36 47
25 36 49
25 37 38
25 37 39
25 37 41
25 37 42
25 37 43
25 37 44
25 37 46
25 37 47
25 37 48
25 37 49
25 38 39
25 38 41
25 38 43
25 38 47
25 38 49
25 39 41
25 39 43
25 39 44
25 39 46
25 39 47
25 39 49
25 41 42
25 41 43
25 41 44
25 41 46
25 41 47
25 41 48
25 41 49
25 42 43
25 42 47
25 43 44
25 43 46
25 43 47
25 43 48
25 43 49
25 44 47
25 44 49
25 46 47
25 46 49
25 47 48
25 47 49
25 48 49
26 27 29
26 27 31
26 27 35
26 27 37
26 27 41
26 27 43
26 27 47
26 27 49
26 29 31
26 29 33
26 29 35
26 29 37
26 29 41
26 29 43
26 29 45
26 29 47
26 29 49
26 31 33
26 31 35
26 31 37
26 31 41
26 31 43
26 31 45
26 31 47
26 31 49
26 33 35
26 33 37
26 33 41
26 33 43
26 33 47
26 33 49
26 35 37
26 35 41
26 35 43
26 35 47
26 37 41
26 37 43
26 37 45
26 37 47
26 37 49
26 41 43
26 41 45
26 41 47
26 41 49
26 43 45
26 43 47
26 43 49
26 45 47
26 45 49
26 47 49
27 28 29
27 28 31
27 28 37
27 28 41
27 28 43
27 28 47
27 29 31
27 29 32
27 29 34
27 29 35
27 29 37
27 29 38
27 29 40
27 29 41
27 29 43
27 29 44
27 29 46
27 29 47
27 29 49
27 31 32
27 31 34
27 31 35
27 31 37
27 31 38
27 31 40
27 31 41
27 31 43
27 31 44
27 31 46
27 31 47
27 31 49
27 32 35
27 32 37
27 32 41
27 32 43
27 32 47
27 32 49
27 34 35
27 34 37
27 34 41
27 34 43
27 34 47
27 34 49
27 35 37
27 35 38
27 35 41
27 35 43
27 35 44
27 35 46
27 35 47
27 37 38
27 37 40
27 37 41
27 37 43
27 37 44
27 37 46
27 37 47
27 37 49
27 38 41
27 38 43
27 38 47
27 38 49
27 40 41
27 40 43
27 40 47
27 40 49
27 41 43
27 41 44
27 41 46
27 41 47
27 41 49
27 43 44
27 43 46
27 43 47
27 43 49
27 44 47
27 44 49
27 46 47
27 46 49
27 47 49
28 29 31
28 29 33
28 29 37
28 29 39
28 29 41
28 29 43
28 29 45
28 29 47
28 31 33
28 31 37
28 31 39
28 31 41
28 31 43
28 31 45
28 31 47
28 33 37
28 33 41
28 33 43
28 33 47
28 37 39
28 37 41
28 37 43
28 37 45
28 37 47
28 39 41
28 39 43
28 39 47
28 41 43
28 41 45
28 41 47
28 43 45
28 43 47
28 45 47
29 30 31
29 30 37
29 30 41
29 30 43
29 30 47
29 30 49
29 31 32
29 31 33
29 31 34
29 31 35
29 31 36
29 31 37
29 31 38
29 31 39
29 31 40
29 31 41
29 31 42
29 31 43
29 31 44
29 31 45
29 31 46
29 31 47
29 31 48
29 31 49
29 32 33
29 32 35
29 32 37
29 32 39
29 32 41
29 32 43
29 32 45
29 32 47
29 32 49
29 33 34
29 33 35
29 33 37
29 33 38
29 33 40
29 33 41
29 33 43
29 33 46
29 33 47
29 33 49
29 34 35
29 34 37
29 34 39
29 34 41
29 34 43
29 34 45
29 34 47
29 34 49
29 35 36
29 35 37
29 35 38
29 35 39
29 35 41
29 35 43
29 35 44
29 35 46
29 35 47
29 35 48
29 36 37
29 36 41
29 36 43
29 36 47
29 36 49
29 37 38
29 37 39
29 37 40
29 37 41
29 37 42
29 37 43
29 37 44
29 37 45
29 37 46
29 37 47
29 37 48
29 37 49
29 38 39
29 38 41
29 38 43
29 38 45
29 38 47
29 38 49
29 39 40
29 39 41
29 39 43
29 39 44
29 39 46
29 39 47
29 39 49
29 40 41
29 40 43
29 40 47
29 40 49
29 41 42
29 41 43
29 41 44
29 41 45
29 41 46
29 41 47
29 41 48
29 41 49
29 42 43
29 42 47
29 43 44
29 43 45
29 43 46
29 43 47
29 43 48
29 43 49
29 44 45
29 44 47
29 44 49
29 45 46
29 45 47
29 45 49
29 46 47
29 46 49
29 47 48
29 47 49
29 48 49
30 31 37
30 31 41
30 31 43
30 31 47
30 31 49
30 37 41
30 37 43
30 37 47
30 37 49
30 41 43
30 41 47
30 41 49
30 43 47
30 43 49
30 47 49
31 32 33
31 32 35
31 32 37
31 32 39
31 32 41
31 32 43
31 32 45
31 32 47
31 32 49
31 33 34
31 33 35
31 33 37
31 33 38
31 33 40
31 33 41
31 33 43
31 33 46
31 33 47
31 33 49
31 34 35
31 34 37
31 34 39
31 34 41
31 34 43
31 34 45
31 34 47
31 34 49
31 35 36
31 35 37
31 35 38
31 35 39
31 35 41
31 35 43
31 35 44
31 35 46
31 35 47
31 35 48
31 36 37
31 36 41
31 36 43
31 36 47
31 36 49
31 37 38
31 37 39
31 37 40
31 37 41
31 37 42
31 37 43
31 37 44
31 37 45
31 37 46
31 37 47
31 37 48
31 37 49
31 38 39
31 38 41
31 38 43
31 38 45
31 38 47
31 38 49
31 39 40
31 39 41
31 39 43
31 39 44
31 39 46
31 39 47
31 39 49
31 40 41
31 40 43
31 40 47
31 40 49
31 41 42
31 41 43
31 41 44
31 41 45
31 41 46
31 41 47
31 41 48
31 41 49
31 42 43
31 42 47
31 43 44
31 43 45
31 43 46
31 43 47
31 43 48
31 43 49
31 44 45
31 44 47
31 44 49
31 45 46
31 45 47
31 45 49
31 46 47
31 46 49
31 47 48
31 47 49
31 48 49
32 33 35
32 33 37
32 33 41
32 33 43
32 33 47
32 33 49
32 35 37
32 35 39
32 35 41
32 35 43
32 35 47
32 37 39
32 37 41
32 37 43
32 37 45
32 37 47
32 37 49
32 39 41
32 39 43
32 39 47
32 39 49
32 41 43
32 41 45
32 41 47
32 41 49
32 43 45
32 43 47
32 43 49
32 45 47
32 45 49
32 47 49
33 34 35
33 34 37
33 34 41
33 34 43
33 34 47
33 34 49
33 35 37
33 35 38
33 35 41
33 35 43
33 35 46
33 35 47
33 37 38
33 37 40
33 37 41
33 37 43
33 37 46
33 37 47
33 37 49
33 38 41
33 38 43
33 38 47
33 38 49
33 40 41
33 40 43
33 40 47
33 40 49
33 41 43
33 41 46
33 41 47
33 41 49
33 43 46
33 43 47
33 43 49
33 46 47
33 46 49
33 47 49
34 35 37
34 35 39
34 35 41
34 35 43
34 35 47
34 37 39
34 37 41
34 37 43
34 37 45
34 37 47
34 37 49
34 39 41
34 39 43
34 39 47
34 39 49
34 41 43
34 41 45
34 41 47
34 41 49
34 43 45
34 43 47
34 43 49
34 45 47
34 45 49
34 47 49
35 36 37
35 36 41
35 36 43
35 36 47
35 37 38
35 37 39
35 37 41
35 37 43
35 37 44
35 37 46
35 37 47
35 37 48
35 38 39
35 38 41
35 38 43
35 38 47
35 39 41
35 39 43
35 39 44
35 39 46
35 39 47
35 41 43
35 41 44
35 41 46
35 41 47
35 41 48
35 43 44
35 43 46
35 43 47
35 43 48
35 44 47
35 46 47
35 47 48
36 37 41
36 37 43
36 37 47
36 37 49
36 41 43
36 41 47
36 41 49
36 43 47
36 43 49
36 47 49
37 38 39
37 38 41
37 38 43
37 38 45
37 38 47
37 38 49
37 39 40
37 39 41
37 39 43
37 39 44
37 39 46
37 39 47
37 39 49
37 40 41
37 40 43
37 40 47
37 40 49
37 41 42
37 41 43
37 41 44
37 41 45
37 41 46
37 41 47
37 41 48
37 41 49
37 42 43
37 42 47
37 43 44
37 43 45
37 43 46
37 43 47
37 43 48
37 43 49
37 44 45
37 44 47
37 44 49
37 45 46
37 45 47
37 45 49
37 46 47
37 46 49
37 47 48
37 47 49
37 48 49
38 39 41
38 39 43
38 39 47
38 39 49
38 41 43
38 41 45
38 41 47
38 41 49
38 43 45
38 43 47
38 43 49
38 45 47
38 45 49
38 47 49
39 40 41
39 40 43
39 40 47
39 40 49
39 41 43
39 41 44
39 41 46
39 41 47
39 41 49
39 43 44
39 43 46
39 43 47
39 43 49
39 44 47
39 44 49
39 46 47
39 46 49
39 47 49
40 41 43
40 41 47
40 41 49
40 43 47
40 43 49
40 47 49
41 42 43
41 42 47
41 43 44
41 43 45
41 43 46
41 43 47
41 43 48
41 43 49
41 44 45
41 44 47
41 44 49
41 45 46
41 45 47
41 45 49
41 46 47
41 46 49
41 47 48
41 47 49
41 48 49
42 43 47
43 44 45
43 44 47
43 44 49
43 45 46
43 45 47
43 45 49
43 46 47
43 46 49
43 47 48
43 47 49
43 48 49
44 45 47
44 45 49
44 47 49
45 46 47
45 46 49
45 47 49
46 47 49
47 48 49
